{"ind" :["sample-1","sample-2","sample-3","sample-4","sample-5","sample-6","sample-7","sample-8","sample-9","sample-10","sample-11","sample-12","sample-13","sample-14","sample-15","sample-16","sample-17","sample-18","sample-19","sample-20","sample-21","sample-22","sample-23","sample-24","sample-25","sample-26","sample-27","sample-28","sample-29","sample-30","sample-31","sample-32","sample-33","sample-34","sample-35","sample-36","sample-37","sample-38","sample-39","sample-40","sample-41","sample-42","sample-43","sample-44"],"var" :["Bifidobacterium","Subdoligranulum.variable.at.rel.","Roseburia.intestinalis.et.rel.","Clostridium.nexile.et.rel.","Coprococcus.eutactus.et.rel.","Bacteroides.vulgatus.et.rel.","Faecalibacterium.prausnitzii.et.rel.","Eubacterium.hallii.et.rel.","Ruminococcus.obeum.et.rel.","Ruminococcus.lactaris.et.rel.","Dorea.formicigenerans.et.rel.","Anaerostipes.caccae.et.rel.","Clostridium.symbiosum.et.rel.","Eubacterium.ventriosum.et.rel.","Bryantella.formatexigens.et.rel.","Clostridium.sphenoides.et.rel.","Eubacterium.rectale.et.rel.","Papillibacter.cinnamivorans.et.rel.","Streptococcus.bovis.et.rel.","Streptococcus.mitis.et.rel.","Outgrouping.clostridium.cluster.XIVa","Ruminococcus.gnavus.et.rel.","Lachnobacillus.bovis.et.rel.","Lachnospira.pectinoschiza.et.rel.","Bacteroides.intestinalis.et.rel.","Bacteroides.uniformis.et.rel.","Ruminococcus.bromii.et.rel.","Akkermansia","Clostridium.leptum.et.rel.","Oscillospira.guillermondii.et.rel.","Megamonas.hypermegale.et.rel.","Lactobacillus.catenaformis.et.rel.","Moraxellaceae","Brachyspira","Peptostreptococcus.micros.et.rel.","Campylobacter","Helicobacter","Micrococcaceae","Clostridium.thermocellum.et.rel.","Corynebacterium","Alcaligenes.faecalis.et.rel.","Anaerobiospirillum","Proteus.et.rel.","Asteroleplasma.et.rel.","Fusobacteria","Oceanospirillum","Gemella","Methylobacterium","Serratia","Haemophilus","Pseudomonas","Escherichia.coli.et.rel.","Klebisiella.pneumoniae.et.rel.","Clostridia","Clostridium.felsineum.et.rel.","Actinomycetaceae","Peptostreptococcus.anaerobius.et.rel.","Yersinia.et.rel.","Lactobacillus.salivarius.et.rel.","Leminorella","Lactobacillus.plantarum.et.rel.","Aerococcus","Aeromonas","Bilophila.et.rel.","Aneurinibacillus","Weissella.et.rel.","Granulicatella","Enterococcus","Bacillus","Eubacterium.limosum.et.rel.","Atopobium","Bulleidia.moorei.et.rel.","Lactobacillus.gasseri.et.rel.","Wissella.et.rel.","Propionibacterium","Desulfovibrio.et.rel.","Staphylococcus","Enterobacter.aerogenes.et.rel.","Vibrio","Novosphingobium","Xanthomonadaceae","Uncultured.Chroococcales","Eubacterium.cylindroides.et.rel.","Uncultured.Selenomonadaceae","Megasphaera.elsdenii.et.rel.","Phascolarctobacterium.faecium.et.rel.","Uncultured.Bacteroidetes","Collinsella","Clostridium.colinum.et.rel.","Anaerotruncus.colihominis.et.rel.","Anaerovorax.odorimutans.et.rel.","Streptococcus.intermedius.et.rel.","Bacteroides.splachnicus.et.rel.","Tannerella.et.rel.","Ruminococcus.callidus.et.rel.","Oxalobacter.formigenes.et.rel.","Clostridium.cellulosi.et.rel.","Sporobacter.termitidis.et.rel.","Butyrivibrio.crossotus.et.rel.","Clostridium.orbiscindens.et.rel.","Allistipes.et.rel.","Parabacteroides.distasonis.et.rel.","Prevotella.tannerae.et.rel.","Bacteroides.stercoris.et.rel.","Bacteroides.plebeius.et.rel.","Bacteroides.fragilis.et.rel.","Bacteroides.ovatus.et.rel.","Dialister","Lactococcus","Veillonella","Anaerofustis","Aquabacterium","Burkholderia","Clostridium.ramosum.et.rel.","Coprobacillus.catenaformis.et.rel.","Clostridium.stercorarium.et.rel.","Sutterella.wadsworthia.et.rel.","Eubacterium.biforme.et.rel.","Uncultured.Clostridiales.I","Uncultured.Mollicutes","Uncultured.Clostridiales.II","Eggerthella.lenta.et.rel.","Peptococcus.niger.et.rel.","Prevotella.oralis.et.rel.","Prevotella.ruminicola.et.rel.","Clostridium.difficile.et.rel.","Eubacterium.siraeum.et.rel.","Prevotella.melaninogenica.et.rel.","Catenibacterium.mitsuokai.et.rel.","Mitsuokella.multiacida.et.rel."],"corr" :[[1,0.167791004818771,-0.0461451096753137,0.0937737925951516,-0.360060180817669,0.157189371043036,-0.0497726994919016,0.0477053410584423,-0.314301232190151,0.115341444749431,-0.209329291784469,-0.0592103491392288,-0.327926569078728,-0.287427624539368,-0.54960251469136,-0.508144701559796,-0.369213029502673,-0.192729752289351,-0.159268769060723,-0.122981427650934,-0.494136669479598,-0.267725701315169,-0.184202410211095,-0.210314204739996,0.0363544865909836,0.258832392972138,0.22969924628653,0.298579228767852,0.122006498437666,0.11557170755302,0.108902946774688,-0.171672696633803,0.0210918777925275,-0.216070713822172,-0.0570383385040949,-0.0641961377200208,-0.0236298094147674,-0.137529329027725,0.0736851764105518,-0.0103930443094316,0.150015641631081,-0.243925515622217,0.0188643902940736,-0.0509069225823499,-0.167693019209262,-0.0186122554326177,-0.0904526885256405,-0.103565473150348,0.322659319592368,0.309066244777019,0.304317685241725,0.327316023490326,0.395242388494018,0.451736267385687,0.332596754963384,0.220612987056039,-0.179875369472477,0.299284091411764,0.180697446397364,0.0728837532083702,0.0884461097958464,-0.250415932676182,0.0339654162403728,0.0112768421020444,-0.131603955934737,-0.182606878102351,-0.22673102752326,-0.168471069059244,-0.0207664700189925,-0.17102842026991,0.402656038191232,0.454301158644623,-0.0218849611377276,-0.180705461311797,-0.0582690521058583,-0.0432081076993051,-0.126572639125568,0.353127979128811,0.145694287957504,0.106210617181413,0.0963545542543418,-0.0961217061526678,-0.282637262187692,0.200721161709299,0.122072787028388,0.0840271966911277,0.0702064108197018,0.0380209195202574,-0.413362292684396,0.141579449690025,0.0388677439680821,-0.123483958488033,-0.088927116422901,-0.0556130330165152,0.0926999652632941,0.150746560348605,0.227308157992679,0.163223318804902,-0.47196204502805,-0.0620242235597181,-0.0333014761454591,-0.167462936833149,-0.21810858930153,-0.274926708242773,0.0864958972572419,0.11373884296843,0.0881895136522294,0.0960792587750353,-0.367454567846634,-0.0580201948349086,0.0633974389229162,0.103611251051821,-0.14455921230813,-0.20751355188655,-0.0403487653028263,0.182042384598054,-0.00563115474764209,0.255943033830098,0.265470645905407,0.155372736797622,0.31874806226558,0.127125816435223,0.311236400444812,0.254594500974075,0.201084044068365,0.394747713918588,-0.00534205985948561,0.225888679145569,0.178049293284121,-0.0602981952216748],[0.167791004818771,1,0.133612486555831,0.0337345956514905,-0.101912341166386,-0.033967597520486,-0.397304491989786,0.158175561303875,-0.341005412980613,-0.189393644569413,-0.422070372234251,-0.249992080422042,-0.496799430538472,0.0891028916380906,-0.409782265845645,-0.25769178282353,-0.194662001327544,-0.262422964704951,-0.12274204787504,-0.189832895949382,-0.151853392890864,-0.0693411447712642,-0.00532042400101122,-0.144286810944369,0.0595354043197455,-0.0417208557374839,0.397416713821429,0.474459365947917,0.438611744229891,0.367825392801799,0.330059076121548,0.00965337568933255,0.162697567190624,-0.126245626659771,-0.307885182456746,-0.0459432316873072,-0.146153215260685,-0.0276176973871191,0.0830542661781482,-0.00237698781741275,0.209762639298651,-0.112850102783672,-0.060779841751441,-0.142311877429042,-0.131382064114494,0.0221345322634487,-0.561652763330333,-0.162671415726126,0.175698774605012,0.119851673981964,0.184813839162007,0.264436888155433,0.22724067224944,0.111077877994646,0.058740451897797,0.242682534892831,-0.0361174007966163,0.0501050598290454,0.282850613932713,-0.124992246162443,-0.0505803223222032,-0.368879379126493,-0.497171190339934,-0.265857930176195,-0.342532455219381,-0.207047273377009,-0.275229791622391,-0.0107051897382979,-0.147860443567548,-0.074070434118959,0.253175234093898,0.253180756977768,0.00920100646514375,-0.309893256621079,-0.0926449253334817,-0.0249649877023361,-0.169346408965874,0.147935829706015,0.028053598922686,-0.206885784471967,-0.235613281038047,0.00631146165917337,-0.0592574325406647,0.277591158671554,0.0682325548869347,-0.0561997176037827,-0.252482465928268,0.189551895575917,-0.21935050924968,0.3411067266445,0.275108268430033,-0.258016530639987,-0.0516441950048986,-0.0118323147040125,0.11460860378541,0.243775428684225,0.387170994300852,0.411772493258169,-0.0252272313206953,0.206535777675299,0.216432132709449,-0.0544110260089918,0.0193871763902824,0.0892040874152077,-0.212336991930462,-0.15227726460615,-0.252864496492945,0.213318545241741,-0.00147286178270292,-0.289895735571006,-0.444516787531278,-0.174778417116929,-0.37719465142904,-0.214788327189201,-0.202729183277238,-0.0908163180009429,-0.225000442615693,0.164918661906103,0.347575688988713,0.280990601085048,0.481171077933817,0.505644869996657,0.336765890043293,-0.0832001284202432,-0.109063116894482,-0.00315425479152122,0.0983819409309678,-0.035793012009434,-0.175837153351022,-0.0978478020394407],[-0.0461451096753137,0.133612486555831,1,0.299457341371658,0.521954077159261,-0.371922885175379,0.412085640129224,-0.0837916330829092,0.101059593255604,0.0190808435399468,-0.125042458550702,-0.124160278378483,-0.0498802634096068,0.0425743259478232,0.12704613549475,0.171641841420112,0.52189026516935,0.421454245650723,-0.189047986032527,-0.222948718711905,0.277344154802241,0.072668725205063,0.437248643197675,0.277549223468821,-0.328622856396873,-0.108970896624112,0.0231009346039722,-0.33552669819072,-0.132401430305219,-0.0490490327873106,-0.00429984020683941,-0.12401148738885,-0.249423122032169,-0.270887536062135,-0.284918563656951,-0.219197608634116,-0.203657049775938,-0.214224928074973,-0.232333282678308,-0.200494533494968,-0.270714221509082,-0.223984553484113,-0.249787135675802,-0.101882528686842,-0.132927130912797,-0.0156884748237642,-0.251015961171785,-0.324557354207252,-0.263000168700875,-0.250801727843667,-0.277850922681886,-0.225052840859684,-0.337556831407971,-0.0941749141516134,-0.116723307999122,-0.15791358480996,-0.188936934060113,-0.36750154590808,-0.389919431990819,-0.175128450146203,0.00295932896682432,-0.224246401694923,-0.114569967857464,-0.236580125203005,-0.0876315837684024,-0.325407463735595,-0.200503334667836,-0.27483660188082,-0.251621774833932,-0.327131601972212,0.0761336630440873,-0.0864926200608588,-0.209051859024194,-0.0451597463595531,-0.355904686220832,-0.173262918114241,-0.200690226730545,-0.380111925675413,-0.44522617511299,-0.233677034244369,-0.198366021502236,-0.225015824687952,-0.203443360945687,0.241392852930467,0.286208714629952,0.0496117747833807,-0.244013133821804,0.197744379102213,-0.349838211186444,-0.0585331680148245,-0.183802941021644,-0.229406184476313,-0.342952124939217,-0.409994543584087,0.0690662730373652,-0.315168116233132,0.0538788124437112,-0.0302987386847446,0.404625310974209,-0.366948894618943,-0.445493961260894,-0.299252207677612,-0.327193127216082,-0.208135000089037,-0.226066002239649,-0.260490262369252,-0.175662209082449,0.199926969608963,-0.0136856856640438,0.168226068244095,-0.428221036746015,-0.1315430652444,-0.288125167182891,-0.176461486627025,0.0968546991015329,-0.0276646667032077,-0.263013767794643,0.185413307333336,0.0244136506395868,-0.00126345579053473,0.0418223443386551,-0.101185916036282,-0.0355178074820155,0.305712809752607,0.0589792161551507,-0.104336109895852,-0.0165319062451701,0.303661530090738,0.347947826050825,0.297625868454331],[0.0937737925951516,0.0337345956514905,0.299457341371658,1,0.556563508739645,-0.32300957318875,-0.141156819291402,0.275975296507925,0.470920350704385,0.124589214293269,0.445484091949703,0.445395931267835,0.284615697332346,0.111456910271045,0.223226168901016,0.362929573753508,0.147966045787292,-0.049508778814949,-0.0919601010063347,0.00998742796420746,0.449068151216652,0.487939475611121,0.0891248548199373,0.125403007400619,-0.217940579442925,0.00585289114903224,-0.0187792552412527,-0.155473603737383,-0.0690202737535861,-0.0605151759728537,0.0295964665831027,-0.0535551726455797,0.0625942829807337,-0.0530321664166691,0.113101186733273,0.0691726062444682,0.140714430990144,0.114537284010179,-0.00990608312008525,-0.0164130970970274,-0.315704055251011,-0.0271712405981645,0.181201040271486,0.0510908340145738,0.0896947286553469,-0.0076511846451232,0.082396581399881,0.00858750338233915,-0.00936842632441854,0.00753982019518923,-0.0466999975099986,-0.0450950149248983,-0.0294085302801244,-0.355261802417222,-0.162103810829795,0.0199725496667699,0.229521048603166,0.0675187005467684,-0.0621158399074498,0.0829464104458861,0.239599758240541,0.163250239215943,0.065217481309398,-0.0713361615260327,0.284997005159494,0.0108724541294676,0.150147742080328,0.126826814292466,0.379624283533444,0.216965025715881,0.138421331084926,-0.0746395108975293,-0.00759502011945768,0.147713837380558,0.0331000015561381,0.153841967371996,0.219264109821821,0.1150783216939,0.0816263625311202,-0.0321196989960388,0.18305063241171,-0.105751517036693,0.0430246615274267,0.469945416181238,0.344483475484731,-0.00717156112918049,-0.226531856502205,0.0211927284467935,-0.0801254864571757,0.16109874014267,0.338961000710919,0.0742572340787157,-0.468182853232912,-0.340426664802813,0.214506555221524,-0.25750948694895,-0.139855945305001,-0.230160016818114,-0.259516723483587,-0.202071576512627,-0.517221569870188,-0.605306039167151,-0.230857545030738,-0.111331453627799,-0.334267692819603,-0.104160447657099,-0.0995221365480503,0.552824811452797,-0.0765571431018485,-0.22519893837923,0.108566960016562,0.190931441400097,0.00896246897528573,0.10831890892595,0.2235202922585,0.147569002837973,-0.222571383178051,-0.0971843135421158,-0.489573958435359,-0.188857156845005,-0.198260783779048,0.267305995552209,0.268699483104334,-0.149489879836097,-0.180406337416389,-0.14534543243919,-0.384981868776317,-0.0692704727140519,0.0983049671313392,0.157829225400306],[-0.360060180817669,-0.101912341166386,0.521954077159261,0.556563508739645,0.999999999999996,-0.62780693392685,0.134351301030174,0.130486147242033,0.714418073202869,0.178639385988441,0.376770128071585,0.229226809582053,0.363503710244853,0.229493570525859,0.498057859308818,0.560094567859132,0.42711701771122,0.209428976569524,-0.0269597420238447,0.0208302321833734,0.601929583097191,0.3702661891039,0.256097042452345,0.365204566311018,-0.553672052363845,-0.372197825308747,-0.166081127912162,-0.37602157298875,-0.191312841689264,-0.209091633046509,-0.0875620839527796,0.090277233919096,-0.0229845522383508,0.0724219530443507,0.0817959263463991,0.0989513271600546,0.113297659156093,0.126059303839562,-0.00782856801810157,0.0441379799581052,-0.413522966317653,0.0547481702780904,0.11757056650282,0.0100337837480723,0.0235114357321328,0.0382446305395865,0.0393546621984145,-0.00174752186214031,-0.313394821887422,-0.25475061737166,-0.359003703601766,-0.456109109417962,-0.502133203533219,-0.468498672647712,-0.333918117295377,-0.288327284428183,-0.0652308481490942,-0.302071602264207,-0.376800958632754,-0.0577136548902409,0.253935458621189,0.121325270393956,0.140881505946473,-0.0533308567221897,0.184424305997879,0.123684410855607,0.160607816012635,0.205467666290811,0.141544681887171,0.095672144348908,-0.0774358607397721,-0.427642871504253,-0.119193408628199,0.119159572639425,-0.124826745908286,0.11263683257935,0.169885545322671,-0.230391427492496,-0.21398620120851,-0.149715908492027,-0.054595763040759,0.0254148330797387,0.187684615872467,0.289458227040758,0.252732216854436,-0.0216489824893425,-0.147979786456663,-0.0807217498297357,0.153392652029092,-0.0305835455004541,0.152846324511731,0.0549508992624736,-0.414880567641022,-0.327257190830942,0.0758898046399959,-0.440331778047176,-0.158281909103835,-0.24283518988555,0.0377394071319941,-0.277070967701411,-0.541277318050899,-0.411155821267628,-0.526354388843555,-0.19750251997363,-0.276771752784696,-0.391200338449484,-0.300037577905068,0.330467874712906,0.169570204343456,0.113744986671622,-0.0906000635720549,-0.0167461353136687,-0.16925511568325,0.155553050352438,0.193820136713972,0.049693485641995,-0.0884305144739632,-0.238846831434479,-0.373175723101308,-0.234418585725948,-0.301673541683615,-0.123060112936599,-0.220820251563271,-0.181303000180879,-0.318340267550654,-0.321856892409471,-0.392717567325806,-0.0607232504602228,0.140831305903024,0.284126815453499],[0.157189371043036,-0.033967597520486,-0.371922885175379,-0.32300957318875,-0.62780693392685,1,0.0315450183964281,-0.469060284971596,-0.514379994103567,-0.321913732667926,-0.442209175658495,-0.402948674167315,-0.372195764383906,-0.520152645793047,-0.386478174636358,-0.459956560855737,-0.321798435823725,-0.172064027206158,-0.207621242865586,-0.218588378560921,-0.494999497598749,-0.365515325549878,-0.10958600748269,-0.194095833241518,0.614301002454025,0.576320829823773,0.119783066004662,0.126189549877969,-0.0109895322365865,0.0751976859083765,0.0418967361164471,-0.243286689783845,-0.00814333137011569,-0.00315342913091184,0.0220708344329975,-0.0544617488297229,-0.0581103641919928,-0.0982024279446652,-0.0895941813892248,-0.0793259403163162,0.198255001345028,-0.0813425417898622,-0.201699679734136,-0.0635416224143829,-0.0450228278240871,0.0273113817135902,0.109205065995636,0.28363110972052,0.137660775357586,0.117851063566186,0.177321300054133,0.23811869829203,0.266900454114202,0.292215140950217,0.202040091358566,0.065954096896816,0.252058149914188,0.208936067050971,0.0385570319853096,-0.100444709806028,-0.27359985327332,-0.0993679851042694,-0.229916981502379,0.0813082299589919,-0.325127817116511,-0.10513961496992,-0.16923887086312,-0.344320766123673,-0.259162477494286,-0.296876818104902,0.053656240145675,0.0532512955929517,0.0385204907184898,-0.0175598047237519,0.0966050123687923,-0.0685443323032357,-0.202271649955272,0.0569890512839683,0.0961405018190203,-0.0605254325656254,0.0616062227299465,-0.113363354660672,-0.440210235954724,-0.26251176783205,-0.449707923928626,-0.0717753927965187,0.222829675795427,0.109700068664284,-0.0455995224061738,0.137326117636863,-0.293924406505372,-0.226340495236384,0.486555369770285,0.597676397769238,0.182417859950915,0.108750451699735,-0.0811042989921747,0.0508577440731364,0.119363922878394,0.0236403935861056,0.627297803617784,0.34515283171641,0.677782462703597,0.373429674192333,0.512546746788862,0.547420240438588,0.563547113841509,-0.145783833280122,-0.234222983510105,0.0922311807378967,0.0107519257203101,-0.0615118586903109,0.0582408552298703,-0.10472444121473,0.0638346879338014,-0.0786390741518999,0.162235156903033,-0.000708244707040139,0.201033739512432,0.181008630275939,0.24626912279683,-0.203658736800896,0.0641116375192285,0.136027150272056,0.382506197958314,0.173068561120277,0.439067690721715,-0.0841651628939382,-0.0908702625131098,-0.253091389029924],[-0.0497726994919016,-0.397304491989786,0.412085640129224,-0.141156819291402,0.134351301030174,0.0315450183964281,1,-0.460066433520023,-0.105188203667401,0.15481530863261,-0.276593886966513,-0.275607703122727,-0.0648741059740417,-0.0886286845989965,0.235611627193559,0.156783636109035,0.549085437897348,0.443172954449156,-0.265505438030791,-0.294761515277915,-0.0866433634563678,-0.155214798479077,0.553713854188874,0.308777525734825,-0.287651719173606,-0.208900705541355,0.00523657115696704,-0.617673120567245,-0.274960431836477,-0.216334793702382,-0.38394700680173,-0.00296547880535221,-0.409508168463175,-0.281569792813053,-0.271093373279988,-0.32593882200197,-0.317541130218885,-0.34573402167295,-0.280023131308941,-0.266421035386893,-0.090280298525903,-0.104203328191091,-0.344470814604782,-0.236865709938403,-0.123685321190037,-0.224237205890853,0.124222342544038,-0.21035084526209,-0.245238692637851,-0.223561420992943,-0.202448594135394,-0.236207906888846,-0.356552898821329,-0.070880795343538,-0.238108526735369,-0.396495505357641,-0.253141722261053,-0.311857498970107,-0.500034513670154,-0.250791433102221,-0.0022928668788069,-0.0582305756197784,-0.00526405928133525,-0.131320570775428,-0.347966521575685,-0.349643278764872,-0.0378909368614121,-0.390835017243528,-0.488066642532455,-0.593532409099864,0.0259304602759294,-0.0373529354824721,-0.0544767985997346,0.210734461979506,-0.289527573224801,-0.333658591600126,-0.296963174675615,-0.448583798765262,-0.445897336488542,-0.249470351239942,0.0857287656334429,0.149941292363394,-0.524236218546425,-0.370165325793304,-0.076218159613732,0.0120642045068384,-0.0400266802302347,0.272697536610993,-0.0607412621830087,-0.211685508226091,-0.433074770681913,-0.289089773762072,-0.0817049941925846,-0.14596511995606,0.153634566710876,-0.321771440441583,0.0128173977606567,-0.114819992702006,0.432268398469597,-0.550666640187116,-0.356964485877135,-0.0904205749764369,-0.160001132082096,-0.447523760087488,-0.0261827921976604,-0.171060767400557,0.0423305528099582,-0.411552340319251,-0.32818387102933,0.281920022210068,-0.36697107013937,-0.126680150706801,-0.0924703955557396,-0.386824929551251,-0.00123047336562656,-0.21126510214996,0.0261786018705616,0.397884886553068,0.203078885510569,0.113325368195894,-0.121235610122405,-0.544054896848968,-0.216467130463302,0.455791807447981,0.216292775291647,0.076475873515955,-0.096377153379532,0.489688427100207,0.451192729767687,0.239434646500199],[0.0477053410584423,0.158175561303875,-0.0837916330829092,0.275975296507925,0.130486147242033,-0.469060284971596,-0.460066433520023,1,0.296766419966061,0.130355281588164,0.550632398777979,0.505110090481272,0.123896557107529,0.270388455594235,0.0224631205333896,-0.0101726384275894,-0.039045589940903,-0.199972301661568,0.355428314243217,0.330624003973188,0.364911147832043,0.504530215846221,-0.146682087744306,-0.00425463132830146,-0.0677177380738117,-0.177683816460942,-0.165788077690183,0.290858690037052,0.151031886857743,0.00231733126532053,0.0197030884027896,-0.111616141822248,0.0125499456723979,-0.311289004179292,-0.195038493414139,-0.149452862333718,-0.0862277440664108,-0.050948731121198,-0.20666417815743,-0.174981177556989,-0.195092785906081,-0.251367496830839,0.124016461938633,-0.144077258174288,-0.205238073906958,-0.0291629349086592,-0.0435426639591081,-0.183058198941286,0.256376259828003,0.225046415539133,0.183554841354009,0.125613935437715,0.195722916608424,-0.0443932091862013,0.170464725173598,-0.00773442632247345,-0.172262485833186,-0.0590480027769828,0.478726089587633,0.00198897464955591,0.0880976538803561,0.297998446570134,0.107860307857285,-0.117747805769402,0.526798924821162,0.153602709102046,0.362391864374997,0.336557182529383,0.362668633508247,0.589203435078269,0.06794686288632,0.157634137921365,0.0364613053234411,-0.0439938872647591,-0.21207382803334,-0.155758069638862,0.00120837423758596,0.251111460369604,0.27819020513441,0.0477179414052903,-0.0889703341163571,-0.0881104870469126,0.459857614857423,0.219276436577306,0.00608193748730311,-0.283129391572697,-0.164333744927061,-0.118416399054267,0.138545608816069,-0.142652825705436,0.469844473038612,0.311664553807393,-0.20927394298573,-0.257574469709412,-0.349217806133187,-0.0273699154328087,0.0422447285796587,-0.0313201052775314,-0.373889178111147,0.349678822168959,-0.0196668367007748,-0.0589662216125493,-0.202183846825789,0.075251814651148,-0.342621389726078,-0.276712104046102,-0.331746835733558,0.212571521844689,0.230982401660315,-0.381799944366628,0.251286183162201,-0.196233571238489,-0.0623075820617211,0.293498813205757,-0.0721719369000957,0.162128021912668,-0.259030499787855,0.0274563305223967,-0.0963208859444527,-0.0140118097457657,-0.136158887402291,0.39362674511329,0.259843906125268,-0.253838646960349,-0.395756096714778,0.0304339564339583,-0.0359676215445847,-0.1239970821672,-0.133378780338462,-0.0223283060280519],[-0.314301232190151,-0.341005412980613,0.101059593255604,0.470920350704385,0.714418073202869,-0.514379994103567,-0.105188203667401,0.296766419966061,1,0.20813636403877,0.771878701963019,0.480960554178626,0.725041377667759,0.188777223309008,0.709943300195342,0.619279840188805,0.176668023816442,0.177096614833672,0.322299258894361,0.410018275487322,0.607299167540717,0.423550784360849,-0.104874070521985,0.206903282549096,-0.465094092500111,-0.305997560873923,-0.437478742825235,-0.35689162031515,-0.361292499027769,-0.460130014705701,0.0426980422738979,0.0619070545481759,0.154129176739743,0.270572380199129,0.363490286713697,0.320414505198822,0.403707896593208,0.343683033235515,0.0568433806147189,0.16591219847344,-0.497505000889186,0.225921641078468,0.344903714428584,0.224009796049819,0.25380226337942,0.211778198317183,0.396357256287689,0.247962128451831,-0.391172730070351,-0.318864995702245,-0.445298970994589,-0.495745944409166,-0.507312242881798,-0.433455845076986,-0.217959448484519,-0.059809896360328,0.107285754592039,-0.168037440215693,-0.370158361439964,0.0821969415640443,0.330484668986105,0.447241340511421,0.554896098962373,0.32966067076631,0.618849673053968,0.410319454727308,0.463327096440599,0.5258494283133,0.537380564747933,0.454243183589416,-0.270543071589849,-0.495160120563623,0.0604360910325036,0.203323168966224,0.202310137234697,0.291501031440337,0.470526501727634,-0.14037574152122,-0.0623717839316463,0.132726841761705,-0.0134613153428982,0.0870428301054147,0.534771753684526,0.284573447756308,0.137684373495825,-0.151604066270826,-0.0956123915663305,-0.443513901629056,0.227338515059284,-0.145276645752352,0.131746042715776,0.464066125843035,-0.449264347988343,-0.229212756075611,-0.0766695250451514,-0.411221096944438,-0.495365159903101,-0.543769811413987,-0.194560493961455,-0.22654735349911,-0.406644482954897,-0.323441074769064,-0.428848182087255,-0.102561947284341,-0.207535748875632,-0.228369864232487,-0.134790817728844,0.329021296433569,0.279182817275259,0.0560078234105464,0.525833537761865,0.204059319779014,0.181906580251587,0.605472690499043,0.323114084750656,0.40909396860926,0.0435829032677343,-0.468418808893845,-0.622877616444341,-0.426212178240092,-0.522270541252621,-0.0473826239181574,-0.356850767769839,-0.279892241555283,-0.318213724944206,-0.408200861812727,-0.334121674870003,-0.258466049364595,-0.0814859894265864,-0.00860732425921787],[0.115341444749431,-0.189393644569413,0.0190808435399468,0.124589214293269,0.178639385988441,-0.321913732667926,0.15481530863261,0.130355281588164,0.20813636403877,1,0.172067108291649,0.299080419802534,0.157806837135623,0.224914956798891,0.200318062975477,0.375023265737745,0.27022284711163,0.453708473580101,0.459748567324515,0.534270597337088,0.142028445974802,-0.0863099357070969,0.338208129747363,0.198461197524543,-0.169173006662638,-0.290162887403924,-0.363896041235098,-0.322599774746949,-0.366265468169221,-0.283920434196344,-0.187502260335002,0.0977076375270883,-0.0068250183059803,-0.0844272947435032,0.123687561202007,0.131876254200814,0.156644308603933,0.140073333378354,-0.0219038967651114,0.177046891908877,-0.202609418999187,-0.0996083865757204,0.127782357113117,0.222929881087756,-0.000375389133994466,0.00795935934703212,0.280986913126864,0.0051209419157608,0.103989252642916,0.169054682518799,0.0923106731435437,-0.0634509257157611,-0.0266493600089498,-0.231409506287893,-0.129221010723828,0.0471241304269537,-0.0701004323246468,0.0309322034764567,0.0412072053253854,0.252114725140501,-0.118100981120564,0.306122615688815,0.257896019463059,0.0827476899508637,-0.0926840616682449,0.155359554480666,0.319334599194246,0.274200443404787,0.205687642849964,0.0305461567713765,-0.176109733669976,-0.0617539988560706,0.0875066457359737,-0.0213101969275321,-0.118382217944901,0.0376783826560794,0.179208347399003,0.0231325428502229,0.0686931081912331,0.297972848307741,0.313378029017984,0.039172102431522,0.073499385019716,-0.00723715057808335,0.2493227531275,0.123086070125153,0.321361463514561,-0.327917157225361,-0.10108391013733,-0.404158947504592,-0.27283890073228,0.529258389298876,-0.0485718514135524,-0.0716499718348753,-0.398843132680516,-0.217203664010242,-0.293073892280928,-0.314679004483461,0.0211783427768921,-0.286776154936842,-0.372075010849264,-0.0514694174247855,-0.178606782851537,-0.353599857004061,0.0807250365681489,-0.121847615521877,-0.0874166893554976,-0.210219469045976,-0.211692569474999,0.29333459491353,0.103178302197292,0.19634500155797,0.248104456514911,0.153523316484741,0.139129988238548,-0.0123831378411453,0.171365229468591,-0.0362206373513903,-0.0371764949900619,-0.0923013585918826,-0.467900565620536,-0.0506564771858851,-0.349050037469872,0.0505423224907553,-0.0681090626708072,0.139783914722424,-0.418392623516232,0.0390496844108374,0.146961477468093,0.0789564221021793],[-0.209329291784469,-0.422070372234251,-0.125042458550702,0.445484091949703,0.376770128071585,-0.442209175658495,-0.276593886966513,0.550632398777979,0.771878701963019,0.172067108291649,0.999999999999997,0.630883002943289,0.730458564474223,0.216810210403157,0.539334105471894,0.432538404356209,0.0611417483524069,0.0920748631432147,0.414869279931074,0.497482541083939,0.538719356069663,0.522399513834985,-0.233429359883661,0.0379937900738791,-0.163384279401421,-0.15360836692775,-0.415091106272657,-0.138451660745253,-0.247158819312388,-0.329879748301158,-0.00877393685793787,-0.024005263655341,0.154103166317525,0.114287149124326,0.307861744705775,0.20555905532441,0.336666147761682,0.260865946567096,0.00353983091523361,0.0822297216452605,-0.335705468351498,0.242509192704577,0.299857543903166,0.213991712338845,0.224800300771591,-0.0061712131275386,0.422669574082602,0.157710313130096,-0.166410826180583,-0.146521301781679,-0.186815894408288,-0.161135618544487,-0.124565693383151,-0.401309362406234,-0.0488132960582294,0.0975152764641915,0.232772340522492,0.0475391811018764,0.0534140339780333,0.116121958311779,0.30426597206127,0.617802140268956,0.608557168956927,0.378322931128426,0.839486287727181,0.496467699803344,0.58495805165398,0.517921791923192,0.668393072525385,0.643036071371845,-0.125201680319877,-0.219871522601313,0.167448295174769,0.348793288722476,0.224066094935024,0.174003769252599,0.460958937708927,0.00051247351266743,0.119167079001593,0.30154262211547,0.141827466557661,-0.0467924219426472,0.631747445519257,0.31961543461416,0.178628355502927,-0.0535428424337882,-0.179092798655254,-0.294681165499179,0.260924244030379,-0.22762273961634,0.319309580273331,0.566469170517272,-0.38309484181706,-0.303469662756652,-0.251996113599806,-0.195016264307822,-0.346965558372195,-0.46658765410336,-0.385921305349402,0.0807631393235176,-0.308067151925029,-0.196282933419466,-0.229073702749985,0.0275043894598365,-0.293191719398461,-0.107199361382357,-0.116809281240637,0.278083832991454,0.310984134756456,-0.186709141472215,0.709726392178202,0.238204670555746,0.339376021343429,0.612008128973421,0.244564272595668,0.412722144446456,-0.0688627238683047,-0.344420875763144,-0.668440817262962,-0.481869069872475,-0.560736880937419,0.185967220031033,-0.132872373499301,-0.321391286795709,-0.345767913697841,-0.226155592192029,-0.232753501214016,-0.24981948064266,-0.140028829012939,0.000855837736359058],[-0.0592103491392288,-0.249992080422042,-0.124160278378483,0.445395931267835,0.229226809582053,-0.402948674167315,-0.275607703122727,0.505110090481272,0.480960554178626,0.299080419802534,0.630883002943289,0.999999999999999,0.613485253966641,0.376423461071278,0.382446055627543,0.384018785140364,0.0671828313510395,0.041445272132887,0.301798358974563,0.371258813889259,0.483159300491915,0.342169344167271,-0.129315270996533,-0.0772688578190807,-0.205683106567548,-0.0970764268960372,-0.495434156610333,-0.160403479756749,-0.349965464947557,-0.30684905288542,-0.297533261460975,-0.0349401374925375,0.0916457537033562,0.0666090410302917,0.210828509933137,0.157101152952449,0.310765769919597,0.250130715742427,0.00900830688996208,0.114884980216827,-0.22893015422157,0.0341257182744379,0.448286141769333,0.344682835805313,0.261730284899188,0.0021723586220302,0.206481186746597,0.167756081736273,0.0132359994602627,0.0315510782272759,-0.0560755138194736,-0.147774251221862,-0.00826656587368587,-0.096604195178306,0.135818051291671,-0.0044684480348746,0.108153080867934,0.0944134828551799,0.256266522406709,0.427313014291984,0.147805016608384,0.372005336329084,0.418234572885756,-0.00366728556001464,0.526473966014125,0.336265932494835,0.319967365983049,0.423997560878341,0.521975593084726,0.456459899326015,-0.266290594791371,0.0170797641337689,0.12863461523097,0.23231112208537,0.180000220807419,0.13258504434991,0.375951945540057,0.354167048253161,0.330791051300569,0.409448279310817,0.18957638495561,-0.0136155562051423,0.488774260241748,0.191748330168342,0.354940858214338,0.146561993402075,0.0600743085674516,-0.385919452566769,0.0584630052445542,-0.320509091283678,0.133883208460011,0.385356333801508,-0.145077631477586,-0.263809137312196,-0.36822055370599,-0.240907000426216,-0.447974862903165,-0.489236348884317,-0.31148536700624,-0.0126024800032371,-0.321045064462197,-0.131127657124753,-0.0475582532721387,0.0267141963644183,-0.123037846037278,0.0528307117054936,-0.0329435645133392,0.0732747886218364,0.143836591463841,-0.12086514709007,0.471729584585771,0.355653841105177,0.352132899634913,0.401533418964101,0.219347236528094,0.154593012330655,-0.0825439722880801,-0.146111176555713,-0.44997934015157,-0.191138223327743,-0.473843059346613,0.152167571985317,-0.0175374567074618,-0.170394161269274,-0.105084297227325,0.0497022443085708,-0.323583105237401,-0.129125491348173,-0.0626662302614996,-9.25792048097136e-05],[-0.327926569078728,-0.496799430538472,-0.0498802634096068,0.284615697332346,0.363503710244853,-0.372195764383906,-0.0648741059740417,0.123896557107529,0.725041377667759,0.157806837135623,0.730458564474223,0.613485253966641,0.999999999999996,0.192483915895921,0.704337158437397,0.599651964145057,0.0978130091636224,0.232127002721052,0.28819169690728,0.448993668278625,0.436818186102871,0.235811884684846,-0.271305616148069,-0.0580066943232064,-0.342860378991409,-0.190376830642195,-0.465715407453288,-0.376619018612126,-0.447319356737274,-0.458703855007963,-0.105719138103191,0.157320481816317,0.265703928360981,0.457371658499242,0.550397769308381,0.509674634782555,0.612481251319791,0.468686935987974,0.275415889986845,0.307761723859822,-0.215657501908301,0.516260192646965,0.446673539223683,0.432165745820259,0.519950909781336,0.304496801916867,0.45416206333854,0.378553330236542,-0.303405532312928,-0.243306096834911,-0.296630430995387,-0.309459154801683,-0.269326818705641,-0.188288442139309,-0.00883608892283488,0.144464928610512,0.238221719895151,0.136885014493174,-0.143566065668679,0.29354880339733,0.267075614728947,0.417334110555956,0.689963748322162,0.447250697317501,0.533883388845653,0.431868172973646,0.400511250506997,0.536047435236508,0.529109680957793,0.449288816026411,-0.239895908858305,-0.347897901838738,0.108886235699292,0.315887629933457,0.484718442290594,0.463992090332173,0.59382125854619,0.0165141957816413,0.0685571132166428,0.385053157041884,0.196099977286623,0.0953375990974891,0.579876900404325,0.170598364862264,0.323658080205561,0.175115912734562,-0.0068606001522824,-0.395477003239611,0.0796855256535419,-0.251290520397804,0.0151265943716211,0.49595800933956,-0.308472954920677,-0.247370323418334,-0.191621815503563,-0.245144691392939,-0.574869206952302,-0.623566907831546,-0.183173074407082,-0.131317298087008,-0.36791163094894,-0.193694099242617,-0.208087373738704,-0.0889410711720996,-0.0972785443652813,0.0124308294678662,0.0161164363941665,0.103899533244137,0.191202254255559,0.092345981548274,0.665112734180135,0.469739193577641,0.40118107234695,0.52188667437774,0.235835290381042,0.382659275451007,0.291055851169414,-0.460834860052985,-0.678373101297422,-0.507821204188628,-0.608881018464646,0.0285636437736819,-0.365913443389859,-0.192031949783113,-0.0966300823795928,-0.243889174523318,-0.251957149650313,-0.199777361324241,-0.0174290365101521,0.121926901219376],[-0.287427624539368,0.0891028916380906,0.0425743259478232,0.111456910271045,0.229493570525859,-0.520152645793047,-0.0886286845989965,0.270388455594235,0.188777223309008,0.224914956798891,0.216810210403157,0.376423461071278,0.192483915895921,0.999999999999999,0.219349445933085,0.437750474785566,0.443518492489036,0.0441202499888508,0.19692547043838,0.0997092404191096,0.387768426014044,0.282154340514256,0.0687722985383209,0.194905024750678,-0.25461164291599,-0.363747993573335,-0.206492120830218,-0.0416503328936284,-0.0713212796027433,0.0269808432617332,-0.171075432311513,0.0779982318424742,-0.118841070985484,-0.018318368244429,0.0431412181062908,-0.00849045709581031,-0.0191674876621338,0.0695210036668981,0.00311302906657567,0.15087796384295,-0.0382304704552731,0.0375701981317559,0.258518712039372,0.192324867771157,0.103134257297532,-0.0825535362719995,0.127914948314419,-0.182486470435261,0.0419849972802675,0.0524985604102905,-0.00170659675531085,-0.0753934788768533,-0.120543368446655,-0.396787120120483,-0.33618303709171,-0.132970195091667,-0.0655056862015394,-0.122936195227227,0.173213905674559,0.354721095504541,0.0990230053596312,0.253557581791171,-0.0517145815023912,-0.264211860481,0.0802539147329736,0.0571854009282056,0.209175413794196,0.273191762204599,0.166431244270754,0.291136253088729,-0.23031217230361,0.0766065651213657,-0.060658918749572,0.160264432480122,0.0539258561485358,-0.0839303201614741,0.0992693195384154,0.082209533150832,0.10070572073599,-0.0195559648589956,-0.0116481833823093,0.208834491328293,0.21010925749167,0.137595967799477,0.291507595299862,0.332109257114854,-0.0376485608344563,-0.0129664371387447,0.369815510719773,-0.269939254304445,0.135343718379059,0.0633708832564674,0.00426222236021443,-0.196047962283073,-0.336513090653397,-0.0552911359372152,-0.0665768296955612,-0.0879281800221761,-0.0490516555342022,-0.0373577219367568,-0.365076597088808,-0.0142213731653199,-0.136273100809467,-0.0440911403892922,-0.173140522895069,-0.138234583381032,-0.201812863854252,-0.0691323750935584,0.0129520349514538,-0.287663756083745,-0.206059915736614,0.0468920513500667,-0.0276910428772402,0.0777790802716716,0.0363739710061409,-0.247635393813145,-0.169126322605311,0.07154062030883,-0.159702952097461,-0.238641742052955,-0.376015219839714,0.0383711821636101,-0.0639554667992326,-0.139261907608947,-0.261629263551454,-0.187449675968794,-0.387930977067315,-0.014309588936495,-0.193664432286923,-0.0659802684505922],[-0.54960251469136,-0.409782265845645,0.12704613549475,0.223226168901016,0.498057859308818,-0.386478174636358,0.235611627193559,0.0224631205333896,0.709943300195342,0.200318062975477,0.539334105471894,0.382446055627543,0.704337158437397,0.219349445933085,0.999999999999999,0.733902193771209,0.405492752673453,0.50449300134936,0.282549810781956,0.317689812321121,0.566085302411353,0.423227715869327,0.133301934118674,0.301043233989637,-0.409740560246321,-0.407081554901643,-0.434773344275865,-0.562727265944549,-0.380809126927243,-0.506617098181313,-0.054501628033901,0.148406145986707,0.138578113296262,0.290373752547967,0.250822337861901,0.2432880956344,0.332000819630435,0.316255602614533,0.0759330264834315,0.0709060655213009,-0.309857504038433,0.309269825603838,0.293103218329472,0.336445466465829,0.402166855275012,0.0128691799628033,0.326993104477419,0.240097806610767,-0.434447157561915,-0.363065537199166,-0.452245386997134,-0.493950210295393,-0.522335942185786,-0.414074984875678,-0.218056467783816,0.00415523640611885,0.179518379655705,-0.128784940707808,-0.475742964156519,0.104694806706268,0.204587629273774,0.362108762878104,0.518298291714562,0.306696253213467,0.333793059163517,0.248313326076885,0.321421215656922,0.335597438497072,0.278163802029851,0.248068487823836,-0.287085965801926,-0.442270146680597,0.21585773390031,0.300205777831855,0.184906424147319,0.259028302943981,0.431262893361031,-0.226918367023061,-0.131977297040522,0.192197112192118,0.104788408459054,0.148130028399492,0.352920109728304,-0.0463494427393966,0.0685041348554913,-0.130955747893055,-0.12458728516656,-0.219505036952198,0.190862403269182,-0.264593599589456,-0.188999958764647,0.374819443251509,-0.324733899900473,-0.255047404635194,-0.0367388607163097,-0.326402020033573,-0.500814396181372,-0.51612218123248,0.171594790496141,-0.393756046200909,-0.414428197104429,-0.181986657041377,-0.200299360068417,-0.165952242911436,-0.248048441887651,-0.251024090133755,-0.153288348795553,0.0508959494400571,0.190518210424144,0.148226011579159,0.311905226170262,0.2